parameterization: principal
parameters: extended9best
rider: True
description: |
  Optimal result @ 9 m/s for the initial parameters of Browser + Jason. The
  bestever solution from the CMA-ES solver. Used BMD201 commit
  3c1873df2ada2e397a2101c70b925f73724bcaaa.
extended_opt_solution: [5.55732, -0.48397, 0.23941, 7.02229, 1.02041, -4.06534, 0.86084, 2.01388, 1.07666, 1.07910, -2.66228, 1.55840, 3.54352, 5.61448, -1.77553, 2.84634, 0.16848, 0.66922, 0.23760, 3.02702, 2.25338, 2.06277, 5.50578]
values:
  alphaD: 1.0767
  alphaH: 0.23760
  alphaP: 1.5584
  c: -0.48397
  g: 9.8100
  kDaa: 0.86084
  kDbb: 2.0139
  kDyy: 2.0305
  kFaa: 1.0314
  kFbb: 1.0314
  kFyy: 2.0628
  kHaa: 2.8463
  kHbb: 0.16848
  kHyy: 0.66922
  kPaa: 0.36797
  kPbb: 0.15276
  kPyy: 0.36717
  kRaa: 1.5135
  kRbb: 1.5135
  kRyy: 3.0270
  lP: 1.7280
  lam: 0.23941
  mD: 7.0223
  mF: 5.5058
  mH: 3.5435
  mP: 83.500
  mR: 2.2534
  rF: 2.0628
  rR: 3.0270
  v: 9.0
  w: 5.5573
  wP: 0.48300
  xD: 1.0204
  xF: 5.5573
  xH: 5.6145
  xP: 1.0791
  xR: 0.0
  yD: 0.0
  yF: 0.0
  yH: 0.0
  yP: 0.0
  yR: 0.0
  zD: -4.0653
  zF: -2.0628
  zH: -1.7755
  zP: -2.6623
  zR: -3.0270
