parameterization: principal
parameters: browserjason
rider: True
description: |
  Reference parameter values from Moore2012 (BicycleParameters) of Jason riding
  the Browser.
values:
  alphaD: 1.1722101094171953
  alphaH: 0.3699481738478786
  alphaP: 0.18617531745505142
  c: 0.0685808540382
  g: 9.81
  kDaa: 0.28586689
  kDbb: 0.22079007
  kDyy: 0.36538846
  kFaa: 0.20917410328468122
  kFyy: 0.27179382778091554
  kHaa: 0.29556015
  kHbb: 0.14493343
  kHyy: 0.27630431
  kPaa: 0.36717241
  kPbb: 0.15276369
  kPyy: 0.36796654
  kRaa: 0.17050278555427911
  kRyy: 0.22136034463264698
  lP: 1.728
  lam: 0.399680398707
  mD: 9.86
  mF: 2.02
  mH: 3.22
  mP: 83.50000000000001
  mR: 3.11
  rF: 0.34352982332
  rR: 0.340958858855
  v: 3.0
  w: 1.121
  wP: 0.483
  xD: 0.275951285677
  xH: 0.866949640247
  xP: 0.3157679154070924
  xR: 0.0
  yD: 0.0
  yF: 0.0
  yH: 0.0
  yP: 0.0
  yR: 0.0
  zD: -0.537842424305
  zH: -0.748236400835
  zP: -1.0989885659819278
