parameterization: principal
parameters: extended9a
rider: True
description: |
  Optimal result @ 9 m/s for the initial parameters of Browser + Jason. A
  manually extracted really good solution from the CMA-ES solver. Used BMD2019
  repo commit 3c1873df2ada2e397a2101c70b925f73724bcaaa.
extended_opt_solution: [5.5478, -0.4818, 0.2400, 7.0345, 1.0228, -4.0641, 0.8613, 2.0081, 1.0709, 1.0800, -2.6611, 1.5616, 3.5282, 5.6085, -1.7725, 2.8466, 0.1655, 0.6676, 0.2399, 3.0130, 2.2835, 2.0693, 5.5107]
values:
  alphaD: 1.0709
  alphaH: 0.23990
  alphaP: 1.5616
  c: -0.48180
  g: 9.8100
  kDaa: 0.86130
  kDbb: 2.0081
  kDyy: 2.0249
  kF11: 2.0693
  kF22: 1.0347
  kF33: 1.0347
  kHaa: 2.8466
  kHbb: 0.16550
  kHyy: 0.66760
  kPaa: 0.36797
  kPbb: 0.15276
  kPyy: 0.36717
  kR11: 3.0130
  kR22: 1.5065
  kR33: 1.5065
  lP: 1.7280
  lam: 0.24000
  mD: 7.0345
  mF: 5.5107
  mH: 3.5282
  mP: 83.500
  mR: 2.2835
  rF: 2.0693
  rR: 3.0130
  v: 9.0
  w: 5.5478
  wP: 0.48300
  xD: 1.0228
  xF: 5.5478
  xH: 5.6085
  xP: 1.0800
  xR: 0.0
  yD: 0.0
  yF: 0.0
  yH: 0.0
  yP: 0.0
  yR: 0.0
  zD: -4.0641
  zF: -2.0693
  zH: -1.7725
  zP: -2.6611
  zR: -3.0130
